645 645
3
0 0 60 60
500 500
10 10 40 40
0 0
5 0 100
0 0 0 0
-10 -10
0
0 0 0 0
-15 -30
0
19.5 70
0

735 645
3
0 0 60 60
500 500
10 10 40 40
0 0
5 0 100
0 0 0 0
-10 -10
0
0 0 0 0
-15 -30
0
19 70
0

0 0
2
0 0
1
0 0 0
20 20
1
0 0 69 48
59 38
0
x0
0 0
1
0 0 0
110 20
1
0 0 72 48
62 38
0
x0
1220 0
2
0 0
1
0 0 0
20 20
1
0 0 69 48
59 38
0
x0
0 0
1
0 0 0
110 20
1
0 0 72 48
62 38
0
x0
0 0
11
11
32 32 32 32 35 32 35 35 35 32 33
0
0 810
4
18
0
0
0 0
16
0 0
0
270 0 90 90
90 0
0
90 0 90 90
180 0
0
0 0 90 90
270 0
0
0 0 90 90
360 0
0
270 0 90 90
450 0
0
0 0 90 90
540 0
0
0 0 90 90
630 0
0
270 0 90 90
720 0
0
0 0 90 90
810 0
0
90 0 90 90
900 0
0
0 0 90 90
990 0
0
0 0 90 90
1080 0
0
0 0 90 90
1170 0
0
0 0 90 90
1260 0
0
0 0 90 90
1350 0
0
0 0 90 90
0 0
0
0 0
0
0 0
18
-90 0
0
0 5
0 0
0 0
0
0 5
0 0
90 0
0
0 5
0 0
180 0
0
0 5
0 0
270 0
0
0 5
0 0
360 0
0
0 5
0 0
450 0
0
0 5
0 0
540 0
0
0 5
0 0
630 0
0
0 5
0 0
720 0
0
0 5
0 0
810 0
0
0 5
0 0
900 0
0
0 5
0 0
990 0
0
0 5
0 0
1080 0
0
0 5
0 0
1170 0
0
0 5
0 0
1260 0
0
0 5
0 0
1350 0
0
0 5
0 0
1440 0
0
0 5
0 0
0 720
4
18
0
0
0 0
16
0 0
0
0 0 90 90
90 0
0
270 0 90 90
180 0
0
0 0 90 90
270 0
0
0 0 90 90
360 0
0
0 0 90 90
450 0
0
0 0 90 90
540 0
0
180 0 90 90
630 0
0
0 0 90 90
720 0
0
180 0 90 90
810 0
0
0 0 90 90
900 0
0
0 0 90 90
990 0
0
270 0 90 90
1080 0
0
0 0 90 90
1170 0
0
270 0 90 90
1260 0
0
0 0 90 90
1350 0
0
0 0 90 90
0 0
0
0 0
0
0 0
18
-90 0
0
0 5
0 0
0 0
0
0 5
0 0
90 0
0
0 5
0 0
180 0
0
0 5
0 0
270 0
0
0 5
0 0
360 0
0
0 5
0 0
450 0
0
0 5
0 0
540 0
0
0 5
0 0
630 0
0
0 5
0 0
720 0
0
0 5
0 0
810 0
0
0 5
0 0
900 0
0
0 5
0 0
990 0
0
0 5
0 0
1080 0
0
0 5
0 0
1170 0
0
0 5
0 0
1260 0
0
0 5
0 0
1350 0
0
0 5
0 0
1440 0
0
0 5
0 0
0 630
4
18
0
0
0 0
16
0 0
0
90 0 90 90
90 0
0
0 0 90 90
180 0
0
0 0 90 90
270 0
0
360 0 90 90
360 0
0
180 0 90 90
450 0
0
270 0 90 90
540 0
0
0 0 90 90
630 0
0
270 0 90 90
720 0
0
360 0 90 90
810 0
0
270 0 90 90
900 0
0
0 0 90 90
990 0
0
0 0 90 90
1080 0
0
0 0 90 90
1170 0
0
90 0 90 90
1260 0
0
0 0 90 90
1350 0
0
0 0 90 90
0 0
0
0 0
0
0 0
18
-90 0
0
0 5
0 0
0 0
0
0 5
0 0
90 0
0
0 5
0 0
180 0
0
0 5
0 0
270 0
0
0 5
0 0
360 0
0
0 5
0 0
450 0
0
0 5
0 0
540 0
0
0 5
0 0
630 0
0
0 5
0 0
720 0
0
0 5
0 0
810 0
0
0 5
0 0
900 0
0
0 5
0 0
990 0
0
0 5
0 0
1080 0
0
0 5
0 0
1170 0
0
0 5
0 0
1260 0
0
0 5
0 0
1350 0
0
0 5
0 0
1440 0
0
0 5
0 0
0 540
4
18
0
0
0 0
16
0 0
0
0 0 90 90
90 0
0
0 0 90 90
180 0
0
0 0 90 90
270 0
0
0 0 90 90
360 0
0
360 0 90 90
450 0
0
0 0 90 90
540 0
0
0 0 90 90
630 0
0
0 0 90 90
720 0
0
90 0 90 90
810 0
0
0 0 90 90
900 0
0
270 0 90 90
990 0
0
0 0 90 90
1080 0
0
0 0 90 90
1170 0
0
0 0 90 90
1260 0
0
0 0 90 90
1350 0
0
0 0 90 90
0 0
0
0 0
0
0 0
18
-90 0
0
0 5
0 0
0 0
0
0 5
0 0
90 0
0
0 5
0 0
180 0
0
0 5
0 0
270 0
0
0 5
0 0
360 0
0
0 5
0 0
450 0
0
0 5
0 0
540 0
0
0 5
0 0
630 0
0
0 5
0 0
720 0
0
0 5
0 0
810 0
0
0 5
0 0
900 0
0
0 5
0 0
990 0
0
0 5
0 0
1080 0
0
0 5
0 0
1170 0
0
0 5
0 0
1260 0
0
0 5
0 0
1350 0
0
0 5
0 0
1440 0
0
0 5
0 0
0 450
4
18
14 2
3
317.086 0
0 7
0 0
16
0 0
0
0 0 90 90
90 0
0
0 0 90 90
180 0
0
0 0 90 90
270 0
0
0 0 90 90
360 0
0
0 0 90 90
450 0
0
0 0 90 90
540 0
0
0 0 90 90
630 0
0
0 0 90 90
720 0
0
0 0 90 90
810 0
0
0 0 90 90
900 0
0
0 0 90 90
990 0
0
0 0 90 90
1080 0
0
0 0 90 90
1170 0
0
0 0 90 90
1260 0
0
0 0 90 90
1350 0
0
0 0 90 90
0 0
3
-250 0
0
250 0 -250 90
0 0
10 10 230 70
2
264.663 0
0
250 0 -250 90
0 0
10 10 230 70
2
964.663 0
0
250 0 -250 90
0 0
10 10 230 70
2
0 0
1
90 0
0
0 0 35 90
0 1.39706
0 0
18
-90 0
0
0 5
0 0
0 0
0
0 5
0 0
90 0
0
0 5
0 0
180 0
0
0 5
0 0
270 0
0
0 5
0 0
360 0
0
0 5
0 0
450 0
0
0 5
0 0
540 0
0
0 5
0 0
630 0
0
0 5
0 0
720 0
0
0 5
0 0
810 0
0
0 5
0 0
900 0
0
0 5
0 0
990 0
0
0 5
0 0
1080 0
0
0 5
0 0
1170 0
0
0 5
0 0
1260 0
0
0 5
0 0
1350 0
0
0 5
0 0
1440 0
0
0 5
0 0
0 360
8
18
4
24 25 24 25
0
0 0
16
0 0
0
270 0 90 90
90 0
0
270 0 90 90
180 0
0
0 0 90 90
270 0
0
360 0 90 90
360 0
0
0 0 90 90
450 0
0
0 0 90 90
540 0
0
0 0 90 90
630 0
0
0 0 90 90
720 0
0
0 0 90 90
810 0
0
0 0 90 90
900 0
0
0 0 90 90
990 0
0
0 0 90 90
1080 0
0
360 0 90 90
1170 0
0
0 0 90 90
1260 0
0
0 0 90 90
1350 0
0
0 0 90 90
0 0
0
0 0
0
0 0
18
-90 0
0
0 5
0 0
0 0
0
0 5
0 0
90 0
0
0 5
0 0
180 0
0
0 5
0 0
270 0
0
0 5
0 0
360 0
0
0 5
0 0
450 0
0
0 5
0 0
540 0
0
0 5
0 0
630 0
0
0 5
0 0
720 0
0
0 5
0 0
810 0
0
0 5
0 0
900 0
0
0 5
0 0
990 0
0
0 5
0 0
1080 0
0
0 5
0 0
1170 0
0
0 5
0 0
1260 0
0
0 5
0 0
1350 0
0
0 5
0 0
1440 0
0
0 5
0 0
555 15
0
0 0 60 60
0 0
10 10 40 45
630 0
0
90 0 90 90
0 0
10 10 70 70
915 15
0
0 0 60 60
0 0
10 10 40 45
1080 0
0
180 0 90 90
0 0
10 10 70 70
0 270
4
18
18 3
2
395.588 0
0 10
0 0
16
0 0
0
0 0 90 90
90 0
0
0 0 90 90
180 0
0
0 0 90 90
270 0
0
0 0 90 90
360 0
0
0 0 90 90
450 0
0
0 0 90 90
540 0
0
0 0 90 90
630 0
0
0 0 90 90
720 0
0
0 0 90 90
810 0
0
0 0 90 90
900 0
0
0 0 90 90
990 0
0
0 0 90 90
1080 0
0
0 0 90 90
1170 0
0
0 0 90 90
1260 0
0
0 0 90 90
1350 0
0
0 0 90 90
0 0
2
1440 5
0
0 0 110 80
0 0
10 10 90 60
3
526.659 5
0
0 0 110 80
0 0
10 10 90 60
3
0 0
1
90 0
0
0 0 35 90
0 1.39706
0 0
18
-90 0
0
0 5
0 0
0 0
0
0 5
0 0
90 0
0
0 5
0 0
180 0
0
0 5
0 0
270 0
0
0 5
0 0
360 0
0
0 5
0 0
450 0
0
0 5
0 0
540 0
0
0 5
0 0
630 0
0
0 5
0 0
720 0
0
0 5
0 0
810 0
0
0 5
0 0
900 0
0
0 5
0 0
990 0
0
0 5
0 0
1080 0
0
0 5
0 0
1170 0
0
0 5
0 0
1260 0
0
0 5
0 0
1350 0
0
0 5
0 0
1440 0
0
0 5
0 0
0 180
4
18
18 2
2
386.386 0
0 8
0 0
16
0 0
0
0 0 90 90
90 0
0
0 0 90 90
180 0
0
0 0 90 90
270 0
0
0 0 90 90
360 0
0
0 0 90 90
450 0
0
0 0 90 90
540 0
0
0 0 90 90
630 0
0
0 0 90 90
720 0
0
0 0 90 90
810 0
0
0 0 90 90
900 0
0
0 0 90 90
990 0
0
0 0 90 90
1080 0
0
0 0 90 90
1170 0
0
0 0 90 90
1260 0
0
0 0 90 90
1350 0
0
0 0 90 90
0 0
2
611.63 5
0
110 0 -110 80
0 0
10 10 90 60
2
1348.38 5
0
110 0 -110 80
0 0
10 10 90 60
2
0 0
1
90 0
0
0 0 35 90
0 0.387136
0 0
18
-90 0
0
0 5
0 0
0 0
0
0 5
0 0
90 0
0
0 5
0 0
180 0
0
0 5
0 0
270 0
0
0 5
0 0
360 0
0
0 5
0 0
450 0
0
0 5
0 0
540 0
0
0 5
0 0
630 0
0
0 5
0 0
720 0
0
0 5
0 0
810 0
0
0 5
0 0
900 0
0
0 5
0 0
990 0
0
0 5
0 0
1080 0
0
0 5
0 0
1170 0
0
0 5
0 0
1260 0
0
0 5
0 0
1350 0
0
0 5
0 0
1440 0
0
0 5
0 0
0 90
4
18
15 2
2
159.095 0
1 10
0 0
16
0 0
0
0 0 90 90
90 0
0
0 0 90 90
180 0
0
0 0 90 90
270 0
0
0 0 90 90
360 0
0
0 0 90 90
450 0
0
0 0 90 90
540 0
0
0 0 90 90
630 0
0
0 0 90 90
720 0
0
0 0 90 90
810 0
0
0 0 90 90
900 0
0
0 0 90 90
990 0
0
0 0 90 90
1080 0
0
0 0 90 90
1170 0
0
0 0 90 90
1260 0
0
0 0 90 90
1350 0
0
0 0 90 90
0 0
2
-42.273 5
0
150 0 -150 80
159.095 0
10 10 130 60
2
917.727 5
0
150 0 -150 80
159.095 0
10 10 130 60
2
0 0
1
90 0
0
70 0 35 90
2 1.39706
0 0
18
-90 0
0
0 5
0 0
0 0
0
0 5
0 0
90 0
0
0 5
0 0
180 0
0
0 5
0 0
270 0
0
0 5
0 0
360 0
0
0 5
0 0
450 0
0
0 5
0 0
540 0
0
0 5
0 0
630 0
0
0 5
0 0
720 0
0
0 5
0 0
810 0
0
0 5
0 0
900 0
0
0 5
0 0
990 0
0
0 5
0 0
1080 0
0
0 5
0 0
1170 0
0
0 5
0 0
1260 0
0
0 5
0 0
1350 0
0
0 5
0 0
1440 0
0
0 5
0 0
0 0
5
18
0
1
21
0 0
16
0 0
0
0 0 90 90
90 0
0
270 0 90 90
180 0
0
360 0 90 90
270 0
0
270 0 90 90
360 0
0
0 0 90 90
450 0
0
0 0 90 90
540 0
0
0 0 90 90
630 0
0
0 0 90 90
720 0
0
0 0 90 90
810 0
0
0 0 90 90
900 0
0
360 0 90 90
990 0
0
0 0 90 90
1080 0
0
0 0 90 90
1170 0
0
270 0 90 90
1260 0
0
270 0 90 90
1350 0
0
180 0 90 90
0 0
0
0 0
0
0 0
18
-90 0
0
0 5
0 0
0 0
0
0 5
0 0
90 0
0
0 5
0 0
180 0
0
0 5
0 0
270 0
0
0 5
0 0
360 0
0
0 5
0 0
450 0
0
0 5
0 0
540 0
0
0 5
0 0
630 0
0
0 5
0 0
720 0
0
0 5
0 0
810 0
0
0 5
0 0
900 0
0
0 5
0 0
990 0
0
0 5
0 0
1080 0
0
0 5
0 0
1170 0
0
0 5
0 0
1260 0
0
0 5
0 0
1350 0
0
0 5
0 0
1440 0
0
0 5
0 0
21 21
0
0 0 48 48
0 0
0 0 48 48
0 -90
4
27
2
299.146 0
4
27 27 28 27
5
2 3 2 4 5
0 0
16
0 0
0
0 0 90 90
90 0
0
0 0 90 90
180 0
0
0 0 90 90
270 0
0
270 0 90 90
360 0
0
0 0 90 90
450 0
0
0 0 90 90
540 0
0
0 0 90 90
630 0
0
0 0 90 90
720 0
0
0 0 90 90
810 0
0
0 0 90 90
900 0
0
0 0 90 90
990 0
0
0 0 90 90
1080 0
0
0 0 90 90
1170 0
0
0 0 90 90
1260 0
0
0 0 90 90
1350 0
0
0 0 90 90
0 0
4
-237.94 0
0
540 0 -270 90
299.146 0
2
302.06 0
0
540 0 -270 90
299.146 0
2
752.064 0
0
270 0 -180 90
299.146 0
2
1292.06 0
0
540 0 -270 90
299.146 0
2
0 0
0
0 0
27
-417.941 0
0
1 2
299.146 0
-327.94 0
0
1 2
299.146 0
-237.94 0
0
0 2
299.146 0
-147.94 0
0
0 2
299.146 0
-57.9403 0
0
0 2
299.146 0
32.0597 0
0
1 2
299.146 0
122.06 0
0
1 2
299.146 0
212.06 0
0
1 2
299.146 0
302.06 0
0
0 2
299.146 0
392.061 0
0
0 2
299.146 0
482.062 0
0
0 2
299.146 0
572.062 0
0
1 2
299.146 0
662.062 0
0
1 2
299.146 0
752.064 0
0
0 2
299.146 0
842.064 0
0
0 2
299.146 0
932.064 0
0
1 2
299.146 0
1022.06 0
0
1 2
299.146 0
1112.06 0
0
1 2
299.146 0
1202.06 0
0
1 2
299.146 0
1292.06 0
0
0 2
299.146 0
1382.06 0
0
0 2
299.146 0
1472.06 0
0
0 2
299.146 0
1562.06 0
0
1 2
299.146 0
1652.06 0
0
1 2
299.146 0
1742.06 0
0
1 2
299.146 0
1832.06 0
0
1 2
299.146 0
1922.06 0
0
1 2
299.146 0
1 1.01 0
