645 -3225
2
0 0 60 60
500 500
10 10 40 40
0 0
5 0 88
0 0 0 0
-10 -10
0
0 0 0 0
-15 -30
0
0 0
2
0 0
1
0 2 0
20 -3956.99
1
0 0 69 48
59 38
0
x2
0 0
1
0 0 0
110 -3956.99
1
0 0 72 48
62 38
0
x0
0 0
1
735 0
1279 -3966.99
0
Score: 44
0 0
13
13
32 34 32 32 33 34 35 35 35 32 35 32 32
1
0 -3060
6
18
2
25 25
0
0 0
16
0 0
0
270 0 90 90
90 0
0
0 0 90 90
180 0
0
0 0 90 90
270 0
0
0 0 90 90
360 0
0
0 0 90 90
450 0
0
0 0 90 90
540 0
0
0 0 90 90
630 0
0
360 0 90 90
720 0
0
270 0 90 90
810 0
0
0 0 90 90
900 0
0
0 0 90 90
990 0
0
0 0 90 90
1080 0
0
0 0 90 90
1170 0
0
0 0 90 90
1260 0
0
0 0 90 90
1350 0
0
90 0 90 90
0 0
0
0 0
0
0 0
18
-90 0
0
0 5
0 0
0 0
0
0 5
0 0
90 0
0
0 5
0 0
180 0
0
0 5
0 0
270 0
0
0 5
0 0
360 0
0
0 5
0 0
450 0
0
0 5
0 0
540 0
0
0 5
0 0
630 0
0
0 5
0 0
720 0
0
0 5
0 0
810 0
0
0 5
0 0
900 0
0
0 5
0 0
990 0
0
0 5
0 0
1080 0
0
0 5
0 0
1170 0
0
0 5
0 0
1260 0
0
0 5
0 0
1350 0
0
0 5
0 0
1440 0
0
0 5
0 0
180 0
0
0 0 90 90
0 0
10 10 70 70
1350 0
0
180 0 90 90
0 0
10 10 70 70
0 -3150
4
18
2
1298.03 0
8.06933
0
0 0
16
0 0
0
0 0 90 90
90 0
0
0 0 90 90
180 0
0
0 0 90 90
270 0
0
0 0 90 90
360 0
0
0 0 90 90
450 0
0
0 0 90 90
540 0
0
0 0 90 90
630 0
0
0 0 90 90
720 0
0
0 0 90 90
810 0
0
0 0 90 90
900 0
0
0 0 90 90
990 0
0
0 0 90 90
1080 0
0
0 0 90 90
1170 0
0
0 0 90 90
1260 0
0
0 0 90 90
1350 0
0
0 0 90 90
0 0
0
0 0
1
694 0
0
52 0 52 90
0 0
18
-90 0
0
0 5
0 0
0 0
0
0 5
0 0
90 0
0
0 5
0 0
180 0
0
0 5
0 0
270 0
0
0 5
0 0
360 0
0
0 5
0 0
450 0
0
0 5
0 0
540 0
0
0 5
0 0
630 0
0
0 5
0 0
720 0
0
0 5
0 0
810 0
0
0 5
0 0
900 0
0
0 5
0 0
990 0
0
0 5
0 0
1080 0
0
0 5
0 0
1170 0
0
0 5
0 0
1260 0
0
0 5
0 0
1350 0
0
0 5
0 0
1440 0
0
0 5
0 0
0 -3240
6
18
2
25 24
0
0 0
16
0 0
0
0 0 90 90
90 0
0
0 0 90 90
180 0
0
0 0 90 90
270 0
0
0 0 90 90
360 0
0
0 0 90 90
450 0
0
270 0 90 90
540 0
0
0 0 90 90
630 0
0
0 0 90 90
720 0
0
0 0 90 90
810 0
0
180 0 90 90
900 0
0
0 0 90 90
990 0
0
180 0 90 90
1080 0
0
360 0 90 90
1170 0
0
270 0 90 90
1260 0
0
360 0 90 90
1350 0
0
180 0 90 90
0 0
0
0 0
0
0 0
18
-90 0
0
0 5
0 0
0 0
0
0 5
0 0
90 0
0
0 5
0 0
180 0
0
0 5
0 0
270 0
0
0 5
0 0
360 0
0
0 5
0 0
450 0
0
0 5
0 0
540 0
0
0 5
0 0
630 0
0
0 5
0 0
720 0
0
0 5
0 0
810 0
0
0 5
0 0
900 0
0
0 5
0 0
990 0
0
0 5
0 0
1080 0
0
0 5
0 0
1170 0
0
0 5
0 0
1260 0
0
0 5
0 0
1350 0
0
0 5
0 0
1440 0
0
0 5
0 0
540 0
0
0 0 90 90
0 0
10 10 70 70
1365 15
0
0 0 60 60
0 0
10 10 40 45
0 -3330
4
18
0
0
0 0
16
0 0
0
180 0 90 90
90 0
0
180 0 90 90
180 0
0
90 0 90 90
270 0
0
90 0 90 90
360 0
0
0 0 90 90
450 0
0
0 0 90 90
540 0
0
0 0 90 90
630 0
0
0 0 90 90
720 0
0
0 0 90 90
810 0
0
90 0 90 90
900 0
0
0 0 90 90
990 0
0
0 0 90 90
1080 0
0
270 0 90 90
1170 0
0
0 0 90 90
1260 0
0
360 0 90 90
1350 0
0
0 0 90 90
0 0
0
0 0
0
0 0
18
-90 0
0
0 5
0 0
0 0
0
0 5
0 0
90 0
0
0 5
0 0
180 0
0
0 5
0 0
270 0
0
0 5
0 0
360 0
0
0 5
0 0
450 0
0
0 5
0 0
540 0
0
0 5
0 0
630 0
0
0 5
0 0
720 0
0
0 5
0 0
810 0
0
0 5
0 0
900 0
0
0 5
0 0
990 0
0
0 5
0 0
1080 0
0
0 5
0 0
1170 0
0
0 5
0 0
1260 0
0
0 5
0 0
1350 0
0
0 5
0 0
1440 0
0
0 5
0 0
0 -3420
4
21
2
284.175 0
3
29 28 27
4
2 4 4 5
0 0
16
0 0
0
0 0 90 90
90 0
0
0 0 90 90
180 0
0
0 0 90 90
270 0
0
0 0 90 90
360 0
0
0 0 90 90
450 0
0
270 0 90 90
540 0
0
0 0 90 90
630 0
0
0 0 90 90
720 0
0
0 0 90 90
810 0
0
0 0 90 90
900 0
0
0 0 90 90
990 0
0
270 0 90 90
1080 0
0
0 0 90 90
1170 0
0
0 0 90 90
1260 0
0
0 0 90 90
1350 0
0
180 0 90 90
0 0
3
-7.65166 0
0
90 0 -90 90
284.175 0
2
442.347 0
0
270 0 -180 90
284.175 0
2
982.346 0
0
540 0 -270 90
284.175 0
2
0 0
0
0 0
21
-187.651 0
0
1 2
284.175 0
-97.6514 0
0
1 2
284.175 0
-7.65166 0
0
0 2
284.175 0
82.3481 0
0
1 2
284.175 0
172.348 0
0
1 2
284.175 0
262.348 0
0
1 2
284.175 0
352.347 0
0
1 2
284.175 0
442.347 0
0
0 2
284.175 0
532.346 0
0
0 2
284.175 0
622.346 0
0
1 2
284.175 0
712.346 0
0
1 2
284.175 0
802.346 0
0
1 2
284.175 0
892.346 0
0
1 2
284.175 0
982.346 0
0
0 2
284.175 0
1072.35 0
0
0 2
284.175 0
1162.35 0
0
0 2
284.175 0
1252.35 0
0
1 2
284.175 0
1342.35 0
0
1 2
284.175 0
1432.35 0
0
1 2
284.175 0
1522.35 0
0
1 2
284.175 0
1612.35 0
0
1 2
284.175 0
0 -3510
4
18
3
2924.91 0
0.546319
0
0 0
16
0 0
0
0 0 90 90
90 0
0
0 0 90 90
180 0
0
0 0 90 90
270 0
0
0 0 90 90
360 0
0
0 0 90 90
450 0
0
0 0 90 90
540 0
0
0 0 90 90
630 0
0
0 0 90 90
720 0
0
0 0 90 90
810 0
0
0 0 90 90
900 0
0
0 0 90 90
990 0
0
0 0 90 90
1080 0
0
0 0 90 90
1170 0
0
0 0 90 90
1260 0
0
0 0 90 90
1350 0
0
0 0 90 90
0 0
0
0 0
1
694 0
0
0 0 52 90
0 0
18
-90 0
0
0 5
0 0
0 0
0
0 5
0 0
90 0
0
0 5
0 0
180 0
0
0 5
0 0
270 0
0
0 5
0 0
360 0
0
0 5
0 0
450 0
0
0 5
0 0
540 0
0
0 5
0 0
630 0
0
0 5
0 0
720 0
0
0 5
0 0
810 0
0
0 5
0 0
900 0
0
0 5
0 0
990 0
0
0 5
0 0
1080 0
0
0 5
0 0
1170 0
0
0 5
0 0
1260 0
0
0 5
0 0
1350 0
0
0 5
0 0
1440 0
0
0 5
0 0
0 -3600
4
18
14 3
3
395.847 0
1 5
0 0
16
0 0
0
0 0 90 90
90 0
0
0 0 90 90
180 0
0
0 0 90 90
270 0
0
0 0 90 90
360 0
0
0 0 90 90
450 0
0
0 0 90 90
540 0
0
0 0 90 90
630 0
0
0 0 90 90
720 0
0
0 0 90 90
810 0
0
0 0 90 90
900 0
0
0 0 90 90
990 0
0
0 0 90 90
1080 0
0
0 0 90 90
1170 0
0
0 0 90 90
1260 0
0
0 0 90 90
1350 0
0
0 0 90 90
0 0
3
1296.9 0
0
0 0 250 90
395.847 0
10 10 230 70
3
596.904 0
0
0 0 250 90
395.847 0
10 10 230 70
3
76.9036 0
0
0 0 250 90
395.847 0
10 10 230 70
3
0 0
1
90 0
0
70 0 35 90
2 0.048664
0 0
18
-90 0
0
0 5
0 0
0 0
0
0 5
0 0
90 0
0
0 5
0 0
180 0
0
0 5
0 0
270 0
0
0 5
0 0
360 0
0
0 5
0 0
450 0
0
0 5
0 0
540 0
0
0 5
0 0
630 0
0
0 5
0 0
720 0
0
0 5
0 0
810 0
0
0 5
0 0
900 0
0
0 5
0 0
990 0
0
0 5
0 0
1080 0
0
0 5
0 0
1170 0
0
0 5
0 0
1260 0
0
0 5
0 0
1350 0
0
0 5
0 0
1440 0
0
0 5
0 0
0 -3690
4
18
16 3
6
761.978 0
-4.69364e+11 1
0 0
16
0 0
0
0 0 90 90
90 0
0
0 0 90 90
180 0
0
0 0 90 90
270 0
0
0 0 90 90
360 0
0
0 0 90 90
450 0
0
0 0 90 90
540 0
0
0 0 90 90
630 0
0
0 0 90 90
720 0
0
0 0 90 90
810 0
0
0 0 90 90
900 0
0
0 0 90 90
990 0
0
0 0 90 90
1080 0
0
0 0 90 90
1170 0
0
0 0 90 90
1260 0
0
0 0 90 90
1350 0
0
0 0 90 90
0 0
6
1237.5 5
0
0 0 150 80
761.978 0
10 10 130 60
3
997.497 5
0
0 0 150 80
761.978 0
10 10 130 60
3
757.497 5
0
0 0 150 80
761.978 0
10 10 130 60
3
517.497 5
0
0 0 150 80
761.978 0
10 10 130 60
3
277.497 5
0
0 0 150 80
761.978 0
10 10 130 60
3
37.4969 5
0
0 0 150 80
761.978 0
10 10 130 60
3
0 0
1
90 0
0
70 0 35 90
2 1.62139
0 0
18
-90 0
0
0 5
0 0
0 0
0
0 5
0 0
90 0
0
0 5
0 0
180 0
0
0 5
0 0
270 0
0
0 5
0 0
360 0
0
0 5
0 0
450 0
0
0 5
0 0
540 0
0
0 5
0 0
630 0
0
0 5
0 0
720 0
0
0 5
0 0
810 0
0
0 5
0 0
900 0
0
0 5
0 0
990 0
0
0 5
0 0
1080 0
0
0 5
0 0
1170 0
0
0 5
0 0
1260 0
0
0 5
0 0
1350 0
0
0 5
0 0
1440 0
0
0 5
0 0
0 -3780
4
18
15 2
3
320.961 0
0.5 5
0 0
16
0 0
0
0 0 90 90
90 0
0
0 0 90 90
180 0
0
0 0 90 90
270 0
0
0 0 90 90
360 0
0
0 0 90 90
450 0
0
0 0 90 90
540 0
0
0 0 90 90
630 0
0
0 0 90 90
720 0
0
0 0 90 90
810 0
0
0 0 90 90
900 0
0
0 0 90 90
990 0
0
0 0 90 90
1080 0
0
0 0 90 90
1170 0
0
0 0 90 90
1260 0
0
0 0 90 90
1350 0
0
0 0 90 90
0 0
3
318.458 5
0
150 0 -150 80
160.48 0
10 10 130 60
2
648.458 5
0
150 0 -150 80
160.48 0
10 10 130 60
2
978.459 5
0
150 0 -150 80
160.48 0
10 10 130 60
2
0 0
1
90 0
0
35 0 35 90
1 0.267652
0 0
18
-90 0
0
0 5
0 0
0 0
0
0 5
0 0
90 0
0
0 5
0 0
180 0
0
0 5
0 0
270 0
0
0 5
0 0
360 0
0
0 5
0 0
450 0
0
0 5
0 0
540 0
0
0 5
0 0
630 0
0
0 5
0 0
720 0
0
0 5
0 0
810 0
0
0 5
0 0
900 0
0
0 5
0 0
990 0
0
0 5
0 0
1080 0
0
0 5
0 0
1170 0
0
0 5
0 0
1260 0
0
0 5
0 0
1350 0
0
0 5
0 0
1440 0
0
0 5
0 0
0 -3870
9
18
5
24 25 24 25 24
0
0 0
16
0 0
0
0 0 90 90
90 0
0
0 0 90 90
180 0
0
0 0 90 90
270 0
0
0 0 90 90
360 0
0
0 0 90 90
450 0
0
0 0 90 90
540 0
0
270 0 90 90
630 0
0
0 0 90 90
720 0
0
0 0 90 90
810 0
0
360 0 90 90
900 0
0
360 0 90 90
990 0
0
180 0 90 90
1080 0
0
0 0 90 90
1170 0
0
0 0 90 90
1260 0
0
0 0 90 90
1350 0
0
360 0 90 90
0 0
0
0 0
0
0 0
18
-90 0
0
0 5
0 0
0 0
0
0 5
0 0
90 0
0
0 5
0 0
180 0
0
0 5
0 0
270 0
0
0 5
0 0
360 0
0
0 5
0 0
450 0
0
0 5
0 0
540 0
0
0 5
0 0
630 0
0
0 5
0 0
720 0
0
0 5
0 0
810 0
0
0 5
0 0
900 0
0
0 5
0 0
990 0
0
0 5
0 0
1080 0
0
0 5
0 0
1170 0
0
0 5
0 0
1260 0
0
0 5
0 0
1350 0
0
0 5
0 0
1440 0
0
0 5
0 0
15 15
0
0 0 60 60
0 0
10 10 40 45
360 0
0
180 0 90 90
0 0
10 10 70 70
465 15
0
0 0 60 60
0 0
10 10 40 45
540 0
0
0 0 90 90
0 0
10 10 70 70
915 15
0
0 0 60 60
0 0
10 10 40 45
0 -3960
4
18
18 3
3
237.562 0
1 1
0 0
16
0 0
0
0 0 90 90
90 0
0
0 0 90 90
180 0
0
0 0 90 90
270 0
0
0 0 90 90
360 0
0
0 0 90 90
450 0
0
0 0 90 90
540 0
0
0 0 90 90
630 0
0
0 0 90 90
720 0
0
0 0 90 90
810 0
0
0 0 90 90
900 0
0
0 0 90 90
990 0
0
0 0 90 90
1080 0
0
0 0 90 90
1170 0
0
0 0 90 90
1260 0
0
0 0 90 90
1350 0
0
0 0 90 90
0 0
3
847.025 5
0
0 0 110 80
237.562 0
10 10 90 60
3
199.875 5
0
0 0 110 80
237.562 0
10 10 90 60
3
-0.124717 5
0
0 0 110 80
237.562 0
10 10 90 60
3
0 0
1
90 0
0
70 0 35 90
2 0.944773
0 0
18
-90 0
0
0 5
0 0
0 0
0
0 5
0 0
90 0
0
0 5
0 0
180 0
0
0 5
0 0
270 0
0
0 5
0 0
360 0
0
0 5
0 0
450 0
0
0 5
0 0
540 0
0
0 5
0 0
630 0
0
0 5
0 0
720 0
0
0 5
0 0
810 0
0
0 5
0 0
900 0
0
0 5
0 0
990 0
0
0 5
0 0
1080 0
0
0 5
0 0
1170 0
0
0 5
0 0
1260 0
0
0 5
0 0
1350 0
0
0 5
0 0
1440 0
0
0 5
0 0
0 -4050
4
18
0
0
0 0
16
0 0
0
180 0 90 90
90 0
0
0 0 90 90
180 0
0
0 0 90 90
270 0
0
270 0 90 90
360 0
0
0 0 90 90
450 0
0
0 0 90 90
540 0
0
0 0 90 90
630 0
0
0 0 90 90
720 0
0
0 0 90 90
810 0
0
0 0 90 90
900 0
0
0 0 90 90
990 0
0
270 0 90 90
1080 0
0
270 0 90 90
1170 0
0
90 0 90 90
1260 0
0
0 0 90 90
1350 0
0
0 0 90 90
0 0
0
0 0
0
0 0
18
-90 0
0
0 5
0 0
0 0
0
0 5
0 0
90 0
0
0 5
0 0
180 0
0
0 5
0 0
270 0
0
0 5
0 0
360 0
0
0 5
0 0
450 0
0
0 5
0 0
540 0
0
0 5
0 0
630 0
0
0 5
0 0
720 0
0
0 5
0 0
810 0
0
0 5
0 0
900 0
0
0 5
0 0
990 0
0
0 5
0 0
1080 0
0
0 5
0 0
1170 0
0
0 5
0 0
1260 0
0
0 5
0 0
1350 0
0
0 5
0 0
1440 0
0
0 5
0 0
0 -4140
10
18
5
24 25 24 25 25
1
21
0 0
16
0 0
0
0 0 90 90
90 0
0
0 0 90 90
180 0
0
0 0 90 90
270 0
0
360 0 90 90
360 0
0
360 0 90 90
450 0
0
270 0 90 90
540 0
0
0 0 90 90
630 0
0
270 0 90 90
720 0
0
360 0 90 90
810 0
0
0 0 90 90
900 0
0
0 0 90 90
990 0
0
0 0 90 90
1080 0
0
0 0 90 90
1170 0
0
0 0 90 90
1260 0
0
180 0 90 90
1350 0
0
270 0 90 90
0 0
0
0 0
0
0 0
18
-90 0
0
0 5
0 0
0 0
0
0 5
0 0
90 0
0
0 5
0 0
180 0
0
0 5
0 0
270 0
0
0 5
0 0
360 0
0
0 5
0 0
450 0
0
0 5
0 0
540 0
0
0 5
0 0
630 0
0
0 5
0 0
720 0
0
0 5
0 0
810 0
0
0 5
0 0
900 0
0
0 5
0 0
990 0
0
0 5
0 0
1080 0
0
0 5
0 0
1170 0
0
0 5
0 0
1260 0
0
0 5
0 0
1350 0
0
0 5
0 0
1440 0
0
0 5
0 0
375 15
0
0 0 60 60
0 0
10 10 40 45
540 0
0
90 0 90 90
0 0
10 10 70 70
825 15
0
0 0 60 60
0 0
10 10 40 45
900 0
0
90 0 90 90
0 0
10 10 70 70
990 0
0
0 0 90 90
0 0
10 10 70 70
1101 21
0
0 0 48 48
0 0
0 0 48 48
1 1.46 44
